4 0.469423 0.180537 0.225933 0.358312
4 0.957402 0.463039 0.085195 0.383652
4 0.236656 0.188725 0.223050 0.374896
4 0.697712 0.177057 0.227758 0.351998
4 0.567247 0.492689 0.226315 0.364588
4 0.907096 0.183724 0.185808 0.365292
4 0.060482 0.199216 0.120947 0.396151
4 0.797932 0.500790 0.231046 0.415682
4 0.111783 0.514038 0.221089 0.413119
4 0.337171 0.498488 0.224291 0.381244
4 0.445734 0.747624 0.224470 0.426811
4 0.212361 0.770554 0.223539 0.410123
4 0.048708 0.760238 0.097417 0.452442
4 0.673719 0.746236 0.227568 0.430570
4 0.542860 0.959325 0.186397 0.081350
4 0.893433 0.768515 0.204085 0.431100
